  -3.14159274       67.199996948242188        2.72641287E-08   2.91185284    
  -3.14159274       68.042496999104813        2.72675482E-08   2.83309531    
  -3.14159274       68.884997049967453        2.71359202E-08   2.80433273    
  -3.14159274       69.727497100830078        2.69332325E-08   2.72274375    
  -3.14159274       70.569997151692704        2.81328134E-08   3.49374604    
  -3.14159274       71.412497202555343        2.67676050E-08   3.27966070    
  -3.14159274       72.254997253417969        2.57407713E-08   3.10568213    
  -3.14159274       73.097497304280594        2.28441213E-08   2.94051313    
  -3.14159274       73.939997355143234        2.32082389E-08   3.23035765    
  -3.14159274       74.782497406005859        2.09226361E-08   3.41693640    
  -3.14159274       75.624997456868485        1.97570209E-08   3.02800202    
  -3.14159274       76.467497507731125        1.84644655E-08   3.48948574    
  -3.14159274       77.309997558593750        1.89875333E-08   3.49317575    
  -3.14159274       78.152497609456375        1.64827174E-08   3.23924208    
  -3.14159274       78.994997660319015        1.60782605E-08   3.66359138    
  -3.14159274       79.837497711181641        1.53386139E-08   3.44508100    
  -3.14159274       80.679997762044266        1.41385783E-08   3.71943450    
  -3.14159274       81.522497812906906        1.35815581E-08   3.45836759    
  -3.14159274       82.364997863769531        1.35815581E-08   3.45836759    

  -2.94524312       67.199996948242188        2.72641287E-08   2.91185284    
  -2.94524312       68.042496999104813        2.72675482E-08   2.83309531    
  -2.94524312       68.884997049967453        2.71359202E-08   2.80433273    
  -2.94524312       69.727497100830078        2.69332325E-08   2.72274375    
  -2.94524312       70.569997151692704        2.81328134E-08   3.49374604    
  -2.94524312       71.412497202555343        2.67676050E-08   3.27966070    
  -2.94524312       72.254997253417969        2.57407713E-08   3.10568213    
  -2.94524312       73.097497304280594        2.28441213E-08   2.94051313    
  -2.94524312       73.939997355143234        2.32082389E-08   3.23035765    
  -2.94524312       74.782497406005859        2.09226361E-08   3.41693640    
  -2.94524312       75.624997456868485        1.97570209E-08   3.02800202    
  -2.94524312       76.467497507731125        1.84644655E-08   3.48948574    
  -2.94524312       77.309997558593750        1.89875333E-08   3.49317575    
  -2.94524312       78.152497609456375        1.64827174E-08   3.23924208    
  -2.94524312       78.994997660319015        1.60782605E-08   3.66359138    
  -2.94524312       79.837497711181641        1.53386139E-08   3.44508100    
  -2.94524312       80.679997762044266        1.41385783E-08   3.71943450    
  -2.94524312       81.522497812906906        1.35815581E-08   3.45836759    
  -2.94524312       82.364997863769531        1.35815581E-08   3.45836759    

  -2.74889374       67.199996948242188        2.72656120E-08   3.27059698    
  -2.74889374       68.042496999104813        2.63002757E-08   3.01131105    
  -2.74889374       68.884997049967453        2.59633097E-08   3.05307031    
  -2.74889374       69.727497100830078        2.47004337E-08   2.68843126    
  -2.74889374       70.569997151692704        2.40950015E-08   2.71650672    
  -2.74889374       71.412497202555343        2.35279884E-08   2.84576225    
  -2.74889374       72.254997253417969        2.25661037E-08   2.88995147    
  -2.74889374       73.097497304280594        2.08833093E-08   3.03557825    
  -2.74889374       73.939997355143234        2.10348929E-08   2.99829054    
  -2.74889374       74.782497406005859        1.95783922E-08   3.35243464    
  -2.74889374       75.624997456868485        1.86290539E-08   3.29924607    
  -2.74889374       76.467497507731125        1.84186231E-08   3.67050624    
  -2.74889374       77.309997558593750        1.74035630E-08   3.22918224    
  -2.74889374       78.152497609456375        1.71867054E-08   3.41183472    
  -2.74889374       78.994997660319015        1.57616444E-08   3.50927854    
  -2.74889374       79.837497711181641        1.49071848E-08   3.29618168    
  -2.74889374       80.679997762044266        1.27439828E-08   3.34532404    
  -2.74889374       81.522497812906906        1.31599815E-08   3.47708797    
  -2.74889374       82.364997863769531        1.31599815E-08   3.47708797    

  -2.55254412       67.199996948242188        2.72656120E-08   3.27059698    
  -2.55254412       68.042496999104813        2.63002757E-08   3.01131105    
  -2.55254412       68.884997049967453        2.59633097E-08   3.05307031    
  -2.55254412       69.727497100830078        2.47004337E-08   2.68843126    
  -2.55254412       70.569997151692704        2.40950015E-08   2.71650672    
  -2.55254412       71.412497202555343        2.35279884E-08   2.84576225    
  -2.55254412       72.254997253417969        2.25661037E-08   2.88995147    
  -2.55254412       73.097497304280594        2.08833093E-08   3.03557825    
  -2.55254412       73.939997355143234        2.10348929E-08   2.99829054    
  -2.55254412       74.782497406005859        1.95783922E-08   3.35243464    
  -2.55254412       75.624997456868485        1.86290539E-08   3.29924607    
  -2.55254412       76.467497507731125        1.84186231E-08   3.67050624    
  -2.55254412       77.309997558593750        1.74035630E-08   3.22918224    
  -2.55254412       78.152497609456375        1.71867054E-08   3.41183472    
  -2.55254412       78.994997660319015        1.57616444E-08   3.50927854    
  -2.55254412       79.837497711181641        1.49071848E-08   3.29618168    
  -2.55254412       80.679997762044266        1.27439828E-08   3.34532404    
  -2.55254412       81.522497812906906        1.31599815E-08   3.47708797    
  -2.55254412       82.364997863769531        1.31599815E-08   3.47708797    

  -2.35619450       67.199996948242188        2.67555649E-08   3.38765836    
  -2.35619450       68.042496999104813        2.44208547E-08   2.82372665    
  -2.35619450       68.884997049967453        2.46639598E-08   3.05460906    
  -2.35619450       69.727497100830078        2.40719125E-08   2.88234472    
  -2.35619450       70.569997151692704        2.38001867E-08   2.92312455    
  -2.35619450       71.412497202555343        2.27336532E-08   3.00576234    
  -2.35619450       72.254997253417969        2.15008527E-08   2.98148513    
  -2.35619450       73.097497304280594        2.00908037E-08   3.13188958    
  -2.35619450       73.939997355143234        2.04141521E-08   3.30538702    
  -2.35619450       74.782497406005859        1.99053041E-08   3.43879747    
  -2.35619450       75.624997456868485        1.77935693E-08   3.38855076    
  -2.35619450       76.467497507731125        1.70549583E-08   3.68397093    
  -2.35619450       77.309997558593750        1.61305920E-08   3.45256448    
  -2.35619450       78.152497609456375        1.51963473E-08   3.65988731    
  -2.35619450       78.994997660319015        1.37956393E-08   3.32341790    
  -2.35619450       79.837497711181641        1.43339935E-08   3.86532140    
  -2.35619450       80.679997762044266        1.31396956E-08   3.61158204    
  -2.35619450       81.522497812906906        1.21991492E-08   3.69533706    
  -2.35619450       82.364997863769531        1.21991492E-08   3.69533706    

  -2.15984511       67.199996948242188        2.67555649E-08   3.38765836    
  -2.15984511       68.042496999104813        2.44208547E-08   2.82372665    
  -2.15984511       68.884997049967453        2.46639598E-08   3.05460906    
  -2.15984511       69.727497100830078        2.40719125E-08   2.88234472    
  -2.15984511       70.569997151692704        2.38001867E-08   2.92312455    
  -2.15984511       71.412497202555343        2.27336532E-08   3.00576234    
  -2.15984511       72.254997253417969        2.15008527E-08   2.98148513    
  -2.15984511       73.097497304280594        2.00908037E-08   3.13188958    
  -2.15984511       73.939997355143234        2.04141521E-08   3.30538702    
  -2.15984511       74.782497406005859        1.99053041E-08   3.43879747    
  -2.15984511       75.624997456868485        1.77935693E-08   3.38855076    
  -2.15984511       76.467497507731125        1.70549583E-08   3.68397093    
  -2.15984511       77.309997558593750        1.61305920E-08   3.45256448    
  -2.15984511       78.152497609456375        1.51963473E-08   3.65988731    
  -2.15984511       78.994997660319015        1.37956393E-08   3.32341790    
  -2.15984511       79.837497711181641        1.43339935E-08   3.86532140    
  -2.15984511       80.679997762044266        1.31396956E-08   3.61158204    
  -2.15984511       81.522497812906906        1.21991492E-08   3.69533706    
  -2.15984511       82.364997863769531        1.21991492E-08   3.69533706    

  -1.96349549       67.199996948242188        2.27526158E-08   3.48696113    
  -1.96349549       68.042496999104813        2.24583587E-08   3.37258363    
  -1.96349549       68.884997049967453        2.09753459E-08   3.25366211    
  -1.96349549       69.727497100830078        2.14068336E-08   2.96293378    
  -1.96349549       70.569997151692704        1.88652880E-08   2.76860356    
  -1.96349549       71.412497202555343        1.84538234E-08   2.80173326    
  -1.96349549       72.254997253417969        1.89210994E-08   3.22428823    
  -1.96349549       73.097497304280594        1.78474213E-08   3.21923637    
  -1.96349549       73.939997355143234        1.82698994E-08   3.29554629    
  -1.96349549       74.782497406005859        1.61672471E-08   3.38820362    
  -1.96349549       75.624997456868485        1.55076378E-08   3.58529353    
  -1.96349549       76.467497507731125        1.55178892E-08   3.89654231    
  -1.96349549       77.309997558593750        1.48333550E-08   3.84884810    
  -1.96349549       78.152497609456375        1.33189229E-08   3.99523497    
  -1.96349549       78.994997660319015        1.26765105E-08   3.98410511    
  -1.96349549       79.837497711181641        1.31357938E-08   4.08426809    
  -1.96349549       80.679997762044266        1.25334951E-08   4.05807400    
  -1.96349549       81.522497812906906        1.15027703E-08   3.81057191    
  -1.96349549       82.364997863769531        1.15027703E-08   3.81057191    

  -1.76714587       67.199996948242188        2.27526158E-08   3.48696113    
  -1.76714587       68.042496999104813        2.24583587E-08   3.37258363    
  -1.76714587       68.884997049967453        2.09753459E-08   3.25366211    
  -1.76714587       69.727497100830078        2.14068336E-08   2.96293378    
  -1.76714587       70.569997151692704        1.88652880E-08   2.76860356    
  -1.76714587       71.412497202555343        1.84538234E-08   2.80173326    
  -1.76714587       72.254997253417969        1.89210994E-08   3.22428823    
  -1.76714587       73.097497304280594        1.78474213E-08   3.21923637    
  -1.76714587       73.939997355143234        1.82698994E-08   3.29554629    
  -1.76714587       74.782497406005859        1.61672471E-08   3.38820362    
  -1.76714587       75.624997456868485        1.55076378E-08   3.58529353    
  -1.76714587       76.467497507731125        1.55178892E-08   3.89654231    
  -1.76714587       77.309997558593750        1.48333550E-08   3.84884810    
  -1.76714587       78.152497609456375        1.33189229E-08   3.99523497    
  -1.76714587       78.994997660319015        1.26765105E-08   3.98410511    
  -1.76714587       79.837497711181641        1.31357938E-08   4.08426809    
  -1.76714587       80.679997762044266        1.25334951E-08   4.05807400    
  -1.76714587       81.522497812906906        1.15027703E-08   3.81057191    
  -1.76714587       82.364997863769531        1.15027703E-08   3.81057191    

  -1.57079637       67.199996948242188        2.15898499E-08   3.48317695    
  -1.57079637       68.042496999104813        2.10567794E-08   3.33181024    
  -1.57079637       68.884997049967453        1.97153991E-08   3.11585021    
  -1.57079637       69.727497100830078        1.99480255E-08   3.10751987    
  -1.57079637       70.569997151692704        1.97628527E-08   3.06357265    
  -1.57079637       71.412497202555343        1.91796232E-08   3.38793135    
  -1.57079637       72.254997253417969        1.71366690E-08   3.22722578    
  -1.57079637       73.097497304280594        1.81894819E-08   3.35385060    
  -1.57079637       73.939997355143234        1.73496399E-08   3.45345402    
  -1.57079637       74.782497406005859        1.53056181E-08   3.56980348    
  -1.57079637       75.624997456868485        1.40702969E-08   3.53179789    
  -1.57079637       76.467497507731125        1.37285543E-08   3.54527783    
  -1.57079637       77.309997558593750        1.30088624E-08   3.81453156    
  -1.57079637       78.152497609456375        1.16700418E-08   3.47845221    
  -1.57079637       78.994997660319015        1.12562644E-08   3.63829255    
  -1.57079637       79.837497711181641        1.13209317E-08   4.01511335    
  -1.57079637       80.679997762044266        1.16236150E-08   3.91439581    
  -1.57079637       81.522497812906906        1.04554703E-08   4.00632238    
  -1.57079637       82.364997863769531        1.04554703E-08   4.00632238    

  -1.37444687       67.199996948242188        2.15898499E-08   3.48317695    
  -1.37444687       68.042496999104813        2.10567794E-08   3.33181024    
  -1.37444687       68.884997049967453        1.97153991E-08   3.11585021    
  -1.37444687       69.727497100830078        1.99480255E-08   3.10751987    
  -1.37444687       70.569997151692704        1.97628527E-08   3.06357265    
  -1.37444687       71.412497202555343        1.91796232E-08   3.38793135    
  -1.37444687       72.254997253417969        1.71366690E-08   3.22722578    
  -1.37444687       73.097497304280594        1.81894819E-08   3.35385060    
  -1.37444687       73.939997355143234        1.73496399E-08   3.45345402    
  -1.37444687       74.782497406005859        1.53056181E-08   3.56980348    
  -1.37444687       75.624997456868485        1.40702969E-08   3.53179789    
  -1.37444687       76.467497507731125        1.37285543E-08   3.54527783    
  -1.37444687       77.309997558593750        1.30088624E-08   3.81453156    
  -1.37444687       78.152497609456375        1.16700418E-08   3.47845221    
  -1.37444687       78.994997660319015        1.12562644E-08   3.63829255    
  -1.37444687       79.837497711181641        1.13209317E-08   4.01511335    
  -1.37444687       80.679997762044266        1.16236150E-08   3.91439581    
  -1.37444687       81.522497812906906        1.04554703E-08   4.00632238    
  -1.37444687       82.364997863769531        1.04554703E-08   4.00632238    

  -1.17809725       67.199996948242188        1.91626555E-08   3.28038025    
  -1.17809725       68.042496999104813        1.94534771E-08   3.34553123    
  -1.17809725       68.884997049967453        1.83844833E-08   3.22000313    
  -1.17809725       69.727497100830078        1.87008560E-08   3.29163456    
  -1.17809725       70.569997151692704        1.78004562E-08   3.21433830    
  -1.17809725       71.412497202555343        1.80368946E-08   3.72770810    
  -1.17809725       72.254997253417969        1.79142035E-08   2.98060489    
  -1.17809725       73.097497304280594        1.60433480E-08   3.48667455    
  -1.17809725       73.939997355143234        1.54624065E-08   3.65282035    
  -1.17809725       74.782497406005859        1.39215244E-08   3.27319980    
  -1.17809725       75.624997456868485        1.33096822E-08   3.38626051    
  -1.17809725       76.467497507731125        1.34350797E-08   3.58243465    
  -1.17809725       77.309997558593750        1.26088402E-08   3.85555434    
  -1.17809725       78.152497609456375        1.14870087E-08   3.37076640    
  -1.17809725       78.994997660319015        1.16754570E-08   3.81030178    
  -1.17809725       79.837497711181641        1.04196580E-08   3.96499085    
  -1.17809725       80.679997762044266        9.59757251E-09   3.98071861    
  -1.17809725       81.522497812906906        8.81660522E-09   4.15139294    
  -1.17809725       82.364997863769531        8.81660522E-09   4.15139294    

 -0.981747746       67.199996948242188        1.91626555E-08   3.28038025    
 -0.981747746       68.042496999104813        1.94534771E-08   3.34553123    
 -0.981747746       68.884997049967453        1.83844833E-08   3.22000313    
 -0.981747746       69.727497100830078        1.87008560E-08   3.29163456    
 -0.981747746       70.569997151692704        1.78004562E-08   3.21433830    
 -0.981747746       71.412497202555343        1.80368946E-08   3.72770810    
 -0.981747746       72.254997253417969        1.79142035E-08   2.98060489    
 -0.981747746       73.097497304280594        1.60433480E-08   3.48667455    
 -0.981747746       73.939997355143234        1.54624065E-08   3.65282035    
 -0.981747746       74.782497406005859        1.39215244E-08   3.27319980    
 -0.981747746       75.624997456868485        1.33096822E-08   3.38626051    
 -0.981747746       76.467497507731125        1.34350797E-08   3.58243465    
 -0.981747746       77.309997558593750        1.26088402E-08   3.85555434    
 -0.981747746       78.152497609456375        1.14870087E-08   3.37076640    
 -0.981747746       78.994997660319015        1.16754570E-08   3.81030178    
 -0.981747746       79.837497711181641        1.04196580E-08   3.96499085    
 -0.981747746       80.679997762044266        9.59757251E-09   3.98071861    
 -0.981747746       81.522497812906906        8.81660522E-09   4.15139294    
 -0.981747746       82.364997863769531        8.81660522E-09   4.15139294    

 -0.785398185       67.199996948242188        1.77133792E-08   3.44961929    
 -0.785398185       68.042496999104813        1.81478672E-08   3.26089597    
 -0.785398185       68.884997049967453        1.70397403E-08   3.27930260    
 -0.785398185       69.727497100830078        1.72332939E-08   3.18763185    
 -0.785398185       70.569997151692704        1.73403691E-08   3.77874899    
 -0.785398185       71.412497202555343        1.56225912E-08   3.28012562    
 -0.785398185       72.254997253417969        1.64046696E-08   3.64463615    
 -0.785398185       73.097497304280594        1.58842308E-08   3.71096587    
 -0.785398185       73.939997355143234        1.43186663E-08   3.29265261    
 -0.785398185       74.782497406005859        1.36229259E-08   3.42266226    
 -0.785398185       75.624997456868485        1.37924685E-08   3.83499193    
 -0.785398185       76.467497507731125        1.29966784E-08   4.04424906    
 -0.785398185       77.309997558593750        1.22742181E-08   4.41617584    
 -0.785398185       78.152497609456375        1.11700036E-08   4.14272499    
 -0.785398185       78.994997660319015        1.02151860E-08   3.75943780    
 -0.785398185       79.837497711181641        9.88038806E-09   4.00482893    
 -0.785398185       80.679997762044266        9.74529080E-09   4.16263771    
 -0.785398185       81.522497812906906        9.10244236E-09   4.33731365    
 -0.785398185       82.364997863769531        9.10244236E-09   4.33731365    

 -0.589048624       67.199996948242188        1.77133792E-08   3.44961929    
 -0.589048624       68.042496999104813        1.81478672E-08   3.26089597    
 -0.589048624       68.884997049967453        1.70397403E-08   3.27930260    
 -0.589048624       69.727497100830078        1.72332939E-08   3.18763185    
 -0.589048624       70.569997151692704        1.73403691E-08   3.77874899    
 -0.589048624       71.412497202555343        1.56225912E-08   3.28012562    
 -0.589048624       72.254997253417969        1.64046696E-08   3.64463615    
 -0.589048624       73.097497304280594        1.58842308E-08   3.71096587    
 -0.589048624       73.939997355143234        1.43186663E-08   3.29265261    
 -0.589048624       74.782497406005859        1.36229259E-08   3.42266226    
 -0.589048624       75.624997456868485        1.37924685E-08   3.83499193    
 -0.589048624       76.467497507731125        1.29966784E-08   4.04424906    
 -0.589048624       77.309997558593750        1.22742181E-08   4.41617584    
 -0.589048624       78.152497609456375        1.11700036E-08   4.14272499    
 -0.589048624       78.994997660319015        1.02151860E-08   3.75943780    
 -0.589048624       79.837497711181641        9.88038806E-09   4.00482893    
 -0.589048624       80.679997762044266        9.74529080E-09   4.16263771    
 -0.589048624       81.522497812906906        9.10244236E-09   4.33731365    
 -0.589048624       82.364997863769531        9.10244236E-09   4.33731365    

 -0.392699093       67.199996948242188        1.87589517E-08   3.23450112    
 -0.392699093       68.042496999104813        1.69581220E-08   3.36017394    
 -0.392699093       68.884997049967453        1.69204792E-08   3.29898190    
 -0.392699093       69.727497100830078        1.72445134E-08   3.31327701    
 -0.392699093       70.569997151692704        1.57537574E-08   3.36754441    
 -0.392699093       71.412497202555343        1.57790261E-08   3.67644835    
 -0.392699093       72.254997253417969        1.43073331E-08   3.15902352    
 -0.392699093       73.097497304280594        1.31881972E-08   3.13939071    
 -0.392699093       73.939997355143234        1.30582025E-08   3.29418635    
 -0.392699093       74.782497406005859        1.28101343E-08   4.16601276    
 -0.392699093       75.624997456868485        1.26224204E-08   3.43852115    
 -0.392699093       76.467497507731125        1.23464696E-08   3.48675537    
 -0.392699093       77.309997558593750        1.09788854E-08   4.08858442    
 -0.392699093       78.152497609456375        1.11979155E-08   3.90674520    
 -0.392699093       78.994997660319015        1.02485140E-08   4.29316950    
 -0.392699093       79.837497711181641        9.48168211E-09   4.18579054    
 -0.392699093       80.679997762044266        9.18033471E-09   4.33648252    
 -0.392699093       81.522497812906906        8.51369109E-09   3.91276813    
 -0.392699093       82.364997863769531        8.51369109E-09   3.91276813    

 -0.196349546       67.199996948242188        1.87589517E-08   3.23450112    
 -0.196349546       68.042496999104813        1.69581220E-08   3.36017394    
 -0.196349546       68.884997049967453        1.69204792E-08   3.29898190    
 -0.196349546       69.727497100830078        1.72445134E-08   3.31327701    
 -0.196349546       70.569997151692704        1.57537574E-08   3.36754441    
 -0.196349546       71.412497202555343        1.57790261E-08   3.67644835    
 -0.196349546       72.254997253417969        1.43073331E-08   3.15902352    
 -0.196349546       73.097497304280594        1.31881972E-08   3.13939071    
 -0.196349546       73.939997355143234        1.30582025E-08   3.29418635    
 -0.196349546       74.782497406005859        1.28101343E-08   4.16601276    
 -0.196349546       75.624997456868485        1.26224204E-08   3.43852115    
 -0.196349546       76.467497507731125        1.23464696E-08   3.48675537    
 -0.196349546       77.309997558593750        1.09788854E-08   4.08858442    
 -0.196349546       78.152497609456375        1.11979155E-08   3.90674520    
 -0.196349546       78.994997660319015        1.02485140E-08   4.29316950    
 -0.196349546       79.837497711181641        9.48168211E-09   4.18579054    
 -0.196349546       80.679997762044266        9.18033471E-09   4.33648252    
 -0.196349546       81.522497812906906        8.51369109E-09   3.91276813    
 -0.196349546       82.364997863769531        8.51369109E-09   3.91276813    

   0.00000000       67.199996948242188        1.82969924E-08   3.38988900    
   0.00000000       68.042496999104813        1.84913667E-08   3.56196213    
   0.00000000       68.884997049967453        1.69410228E-08   3.39778733    
   0.00000000       69.727497100830078        1.69323329E-08   3.17848802    
   0.00000000       70.569997151692704        1.72906525E-08   3.63403630    
   0.00000000       71.412497202555343        1.61871885E-08   3.65566134    
   0.00000000       72.254997253417969        1.57496824E-08   3.69993496    
   0.00000000       73.097497304280594        1.41069405E-08   3.48435593    
   0.00000000       73.939997355143234        1.32000268E-08   3.43088293    
   0.00000000       74.782497406005859        1.33941178E-08   3.73645949    
   0.00000000       75.624997456868485        1.25208945E-08   3.80964160    
   0.00000000       76.467497507731125        1.17377619E-08   3.87136197    
   0.00000000       77.309997558593750        1.06197797E-08   4.09389639    
   0.00000000       78.152497609456375        1.02624913E-08   3.83609009    
   0.00000000       78.994997660319015        9.65020241E-09   4.29760265    
   0.00000000       79.837497711181641        1.04214601E-08   4.31819344    
   0.00000000       80.679997762044266        9.08516640E-09   3.49460244    
   0.00000000       81.522497812906906        9.31150357E-09   4.26342916    
   0.00000000       82.364997863769531        9.31150357E-09   4.26342916    

  0.196349546       67.199996948242188        1.82969924E-08   3.38988900    
  0.196349546       68.042496999104813        1.84913667E-08   3.56196213    
  0.196349546       68.884997049967453        1.69410228E-08   3.39778733    
  0.196349546       69.727497100830078        1.69323329E-08   3.17848802    
  0.196349546       70.569997151692704        1.72906525E-08   3.63403630    
  0.196349546       71.412497202555343        1.61871885E-08   3.65566134    
  0.196349546       72.254997253417969        1.57496824E-08   3.69993496    
  0.196349546       73.097497304280594        1.41069405E-08   3.48435593    
  0.196349546       73.939997355143234        1.32000268E-08   3.43088293    
  0.196349546       74.782497406005859        1.33941178E-08   3.73645949    
  0.196349546       75.624997456868485        1.25208945E-08   3.80964160    
  0.196349546       76.467497507731125        1.17377619E-08   3.87136197    
  0.196349546       77.309997558593750        1.06197797E-08   4.09389639    
  0.196349546       78.152497609456375        1.02624913E-08   3.83609009    
  0.196349546       78.994997660319015        9.65020241E-09   4.29760265    
  0.196349546       79.837497711181641        1.04214601E-08   4.31819344    
  0.196349546       80.679997762044266        9.08516640E-09   3.49460244    
  0.196349546       81.522497812906906        9.31150357E-09   4.26342916    
  0.196349546       82.364997863769531        9.31150357E-09   4.26342916    

  0.392699093       67.199996948242188        1.73784098E-08   3.30976796    
  0.392699093       68.042496999104813        1.81932904E-08   3.44260740    
  0.392699093       68.884997049967453        1.73515833E-08   3.47473407    
  0.392699093       69.727497100830078        1.80347239E-08   3.49343204    
  0.392699093       70.569997151692704        1.64616090E-08   3.33484697    
  0.392699093       71.412497202555343        1.59235434E-08   3.40681005    
  0.392699093       72.254997253417969        1.47952450E-08   3.33436441    
  0.392699093       73.097497304280594        1.61417244E-08   3.84752607    
  0.392699093       73.939997355143234        1.39700038E-08   3.53370786    
  0.392699093       74.782497406005859        1.37785925E-08   3.50624800    
  0.392699093       75.624997456868485        1.34133957E-08   3.68011785    
  0.392699093       76.467497507731125        1.19917853E-08   4.35627270    
  0.392699093       77.309997558593750        1.10997940E-08   3.64024258    
  0.392699093       78.152497609456375        1.06892859E-08   3.56968713    
  0.392699093       78.994997660319015        1.07547597E-08   3.79921269    
  0.392699093       79.837497711181641        9.59090407E-09   3.92102790    
  0.392699093       80.679997762044266        9.31654309E-09   4.57951498    
  0.392699093       81.522497812906906        9.77116787E-09   4.52863693    
  0.392699093       82.364997863769531        9.77116787E-09   4.52863693    

  0.589048624       67.199996948242188        1.73784098E-08   3.30976796    
  0.589048624       68.042496999104813        1.81932904E-08   3.44260740    
  0.589048624       68.884997049967453        1.73515833E-08   3.47473407    
  0.589048624       69.727497100830078        1.80347239E-08   3.49343204    
  0.589048624       70.569997151692704        1.64616090E-08   3.33484697    
  0.589048624       71.412497202555343        1.59235434E-08   3.40681005    
  0.589048624       72.254997253417969        1.47952450E-08   3.33436441    
  0.589048624       73.097497304280594        1.61417244E-08   3.84752607    
  0.589048624       73.939997355143234        1.39700038E-08   3.53370786    
  0.589048624       74.782497406005859        1.37785925E-08   3.50624800    
  0.589048624       75.624997456868485        1.34133957E-08   3.68011785    
  0.589048624       76.467497507731125        1.19917853E-08   4.35627270    
  0.589048624       77.309997558593750        1.10997940E-08   3.64024258    
  0.589048624       78.152497609456375        1.06892859E-08   3.56968713    
  0.589048624       78.994997660319015        1.07547597E-08   3.79921269    
  0.589048624       79.837497711181641        9.59090407E-09   3.92102790    
  0.589048624       80.679997762044266        9.31654309E-09   4.57951498    
  0.589048624       81.522497812906906        9.77116787E-09   4.52863693    
  0.589048624       82.364997863769531        9.77116787E-09   4.52863693    

  0.785398185       67.199996948242188        1.92294003E-08   3.37040472    
  0.785398185       68.042496999104813        1.90008898E-08   3.19118094    
  0.785398185       68.884997049967453        1.93215808E-08   3.49029756    
  0.785398185       69.727497100830078        1.75755552E-08   3.81738663    
  0.785398185       70.569997151692704        1.73360419E-08   3.26836514    
  0.785398185       71.412497202555343        1.54171982E-08   3.32700467    
  0.785398185       72.254997253417969        1.58065614E-08   3.39275718    
  0.785398185       73.097497304280594        1.51922421E-08   3.79403424    
  0.785398185       73.939997355143234        1.43372327E-08   3.24877381    
  0.785398185       74.782497406005859        1.48404773E-08   4.05698967    
  0.785398185       75.624997456868485        1.36638363E-08   4.14985037    
  0.785398185       76.467497507731125        1.20428858E-08   3.52674794    
  0.785398185       77.309997558593750        1.28831088E-08   4.32065296    
  0.785398185       78.152497609456375        1.11330616E-08   3.74507236    
  0.785398185       78.994997660319015        9.96709204E-09   3.70396304    
  0.785398185       79.837497711181641        9.90368765E-09   3.85953999    
  0.785398185       80.679997762044266        9.59059854E-09   3.87569284    
  0.785398185       81.522497812906906        8.73700845E-09   3.72733879    
  0.785398185       82.364997863769531        8.73700845E-09   3.72733879    

  0.981747746       67.199996948242188        1.92294003E-08   3.37040472    
  0.981747746       68.042496999104813        1.90008898E-08   3.19118094    
  0.981747746       68.884997049967453        1.93215808E-08   3.49029756    
  0.981747746       69.727497100830078        1.75755552E-08   3.81738663    
  0.981747746       70.569997151692704        1.73360419E-08   3.26836514    
  0.981747746       71.412497202555343        1.54171982E-08   3.32700467    
  0.981747746       72.254997253417969        1.58065614E-08   3.39275718    
  0.981747746       73.097497304280594        1.51922421E-08   3.79403424    
  0.981747746       73.939997355143234        1.43372327E-08   3.24877381    
  0.981747746       74.782497406005859        1.48404773E-08   4.05698967    
  0.981747746       75.624997456868485        1.36638363E-08   4.14985037    
  0.981747746       76.467497507731125        1.20428858E-08   3.52674794    
  0.981747746       77.309997558593750        1.28831088E-08   4.32065296    
  0.981747746       78.152497609456375        1.11330616E-08   3.74507236    
  0.981747746       78.994997660319015        9.96709204E-09   3.70396304    
  0.981747746       79.837497711181641        9.90368765E-09   3.85953999    
  0.981747746       80.679997762044266        9.59059854E-09   3.87569284    
  0.981747746       81.522497812906906        8.73700845E-09   3.72733879    
  0.981747746       82.364997863769531        8.73700845E-09   3.72733879    

   1.17809725       67.199996948242188        1.89675262E-08   3.31405687    
   1.17809725       68.042496999104813        2.01222825E-08   3.54685402    
   1.17809725       68.884997049967453        1.91672598E-08   3.19098234    
   1.17809725       69.727497100830078        1.78579942E-08   2.99479842    
   1.17809725       70.569997151692704        1.91962819E-08   3.94914699    
   1.17809725       71.412497202555343        1.75046644E-08   3.51113939    
   1.17809725       72.254997253417969        1.81349975E-08   3.69114757    
   1.17809725       73.097497304280594        1.66184755E-08   3.82702160    
   1.17809725       73.939997355143234        1.67339635E-08   3.55280757    
   1.17809725       74.782497406005859        1.56911337E-08   3.93589020    
   1.17809725       75.624997456868485        1.37781209E-08   3.55583715    
   1.17809725       76.467497507731125        1.43197445E-08   3.38076878    
   1.17809725       77.309997558593750        1.25540671E-08   3.77647924    
   1.17809725       78.152497609456375        1.25512951E-08   3.76080465    
   1.17809725       78.994997660319015        1.32191627E-08   4.74745369    
   1.17809725       79.837497711181641        1.17157173E-08   4.13849831    
   1.17809725       80.679997762044266        1.03811164E-08   4.23183584    
   1.17809725       81.522497812906906        9.79882753E-09   3.97465611    
   1.17809725       82.364997863769531        9.79882753E-09   3.97465611    

   1.37444687       67.199996948242188        1.89675262E-08   3.31405687    
   1.37444687       68.042496999104813        2.01222825E-08   3.54685402    
   1.37444687       68.884997049967453        1.91672598E-08   3.19098234    
   1.37444687       69.727497100830078        1.78579942E-08   2.99479842    
   1.37444687       70.569997151692704        1.91962819E-08   3.94914699    
   1.37444687       71.412497202555343        1.75046644E-08   3.51113939    
   1.37444687       72.254997253417969        1.81349975E-08   3.69114757    
   1.37444687       73.097497304280594        1.66184755E-08   3.82702160    
   1.37444687       73.939997355143234        1.67339635E-08   3.55280757    
   1.37444687       74.782497406005859        1.56911337E-08   3.93589020    
   1.37444687       75.624997456868485        1.37781209E-08   3.55583715    
   1.37444687       76.467497507731125        1.43197445E-08   3.38076878    
   1.37444687       77.309997558593750        1.25540671E-08   3.77647924    
   1.37444687       78.152497609456375        1.25512951E-08   3.76080465    
   1.37444687       78.994997660319015        1.32191627E-08   4.74745369    
   1.37444687       79.837497711181641        1.17157173E-08   4.13849831    
   1.37444687       80.679997762044266        1.03811164E-08   4.23183584    
   1.37444687       81.522497812906906        9.79882753E-09   3.97465611    
   1.37444687       82.364997863769531        9.79882753E-09   3.97465611    

   1.57079637       67.199996948242188        2.08150244E-08   2.91209865    
   1.57079637       68.042496999104813        2.06471675E-08   2.84508634    
   1.57079637       68.884997049967453        1.96011474E-08   3.05505562    
   1.57079637       69.727497100830078        2.18672405E-08   3.37054920    
   1.57079637       70.569997151692704        1.99904182E-08   3.59361362    
   1.57079637       71.412497202555343        1.88573051E-08   2.99816823    
   1.57079637       72.254997253417969        1.82858866E-08   3.13659310    
   1.57079637       73.097497304280594        1.85108338E-08   3.56095123    
   1.57079637       73.939997355143234        1.62691727E-08   3.32589030    
   1.57079637       74.782497406005859        1.60013709E-08   3.34029341    
   1.57079637       75.624997456868485        1.53407420E-08   3.54626703    
   1.57079637       76.467497507731125        1.50276556E-08   3.62348819    
   1.57079637       77.309997558593750        1.46056269E-08   3.72601819    
   1.57079637       78.152497609456375        1.35911620E-08   3.96972084    
   1.57079637       78.994997660319015        1.23397372E-08   3.99766684    
   1.57079637       79.837497711181641        1.17019860E-08   3.84891152    
   1.57079637       80.679997762044266        1.15432082E-08   4.22735167    
   1.57079637       81.522497812906906        1.05394911E-08   3.59371638    
   1.57079637       82.364997863769531        1.05394911E-08   3.59371638    

   1.76714587       67.199996948242188        2.08150244E-08   2.91209865    
   1.76714587       68.042496999104813        2.06471675E-08   2.84508634    
   1.76714587       68.884997049967453        1.96011474E-08   3.05505562    
   1.76714587       69.727497100830078        2.18672405E-08   3.37054920    
   1.76714587       70.569997151692704        1.99904182E-08   3.59361362    
   1.76714587       71.412497202555343        1.88573051E-08   2.99816823    
   1.76714587       72.254997253417969        1.82858866E-08   3.13659310    
   1.76714587       73.097497304280594        1.85108338E-08   3.56095123    
   1.76714587       73.939997355143234        1.62691727E-08   3.32589030    
   1.76714587       74.782497406005859        1.60013709E-08   3.34029341    
   1.76714587       75.624997456868485        1.53407420E-08   3.54626703    
   1.76714587       76.467497507731125        1.50276556E-08   3.62348819    
   1.76714587       77.309997558593750        1.46056269E-08   3.72601819    
   1.76714587       78.152497609456375        1.35911620E-08   3.96972084    
   1.76714587       78.994997660319015        1.23397372E-08   3.99766684    
   1.76714587       79.837497711181641        1.17019860E-08   3.84891152    
   1.76714587       80.679997762044266        1.15432082E-08   4.22735167    
   1.76714587       81.522497812906906        1.05394911E-08   3.59371638    
   1.76714587       82.364997863769531        1.05394911E-08   3.59371638    

   1.96349549       67.199996948242188        2.34831443E-08   3.22471714    
   1.96349549       68.042496999104813        2.40364351E-08   2.97069764    
   1.96349549       68.884997049967453        2.28871517E-08   2.93019795    
   1.96349549       69.727497100830078        2.30581509E-08   3.03566122    
   1.96349549       70.569997151692704        2.28435848E-08   3.33299041    
   1.96349549       71.412497202555343        1.98853218E-08   3.20797443    
   1.96349549       72.254997253417969        1.99891659E-08   3.07025409    
   1.96349549       73.097497304280594        1.91495850E-08   3.09665561    
   1.96349549       73.939997355143234        1.93196890E-08   3.59083891    
   1.96349549       74.782497406005859        1.73353953E-08   3.29574013    
   1.96349549       75.624997456868485        1.71278725E-08   3.43838120    
   1.96349549       76.467497507731125        1.65562160E-08   3.51112008    
   1.96349549       77.309997558593750        1.57916578E-08   3.47912455    
   1.96349549       78.152497609456375        1.32310625E-08   3.38641858    
   1.96349549       78.994997660319015        1.41050096E-08   3.94506407    
   1.96349549       79.837497711181641        1.31833549E-08   3.92235231    
   1.96349549       80.679997762044266        1.25528201E-08   3.76393199    
   1.96349549       81.522497812906906        1.18705579E-08   4.23246288    
   1.96349549       82.364997863769531        1.18705579E-08   4.23246288    

   2.15984511       67.199996948242188        2.34831443E-08   3.22471714    
   2.15984511       68.042496999104813        2.40364351E-08   2.97069764    
   2.15984511       68.884997049967453        2.28871517E-08   2.93019795    
   2.15984511       69.727497100830078        2.30581509E-08   3.03566122    
   2.15984511       70.569997151692704        2.28435848E-08   3.33299041    
   2.15984511       71.412497202555343        1.98853218E-08   3.20797443    
   2.15984511       72.254997253417969        1.99891659E-08   3.07025409    
   2.15984511       73.097497304280594        1.91495850E-08   3.09665561    
   2.15984511       73.939997355143234        1.93196890E-08   3.59083891    
   2.15984511       74.782497406005859        1.73353953E-08   3.29574013    
   2.15984511       75.624997456868485        1.71278725E-08   3.43838120    
   2.15984511       76.467497507731125        1.65562160E-08   3.51112008    
   2.15984511       77.309997558593750        1.57916578E-08   3.47912455    
   2.15984511       78.152497609456375        1.32310625E-08   3.38641858    
   2.15984511       78.994997660319015        1.41050096E-08   3.94506407    
   2.15984511       79.837497711181641        1.31833549E-08   3.92235231    
   2.15984511       80.679997762044266        1.25528201E-08   3.76393199    
   2.15984511       81.522497812906906        1.18705579E-08   4.23246288    
   2.15984511       82.364997863769531        1.18705579E-08   4.23246288    

   2.35619450       67.199996948242188        2.66491469E-08   2.96896625    
   2.35619450       68.042496999104813        2.50463064E-08   2.75744534    
   2.35619450       68.884997049967453        2.51211940E-08   3.07895899    
   2.35619450       69.727497100830078        2.46381191E-08   2.89374876    
   2.35619450       70.569997151692704        2.34024267E-08   3.29082465    
   2.35619450       71.412497202555343        2.30514239E-08   3.19074726    
   2.35619450       72.254997253417969        2.27437660E-08   2.89761090    
   2.35619450       73.097497304280594        2.08608739E-08   2.91614747    
   2.35619450       73.939997355143234        1.98418704E-08   3.10072684    
   2.35619450       74.782497406005859        1.84054905E-08   3.12732863    
   2.35619450       75.624997456868485        1.92250926E-08   3.28716516    
   2.35619450       76.467497507731125        1.75531252E-08   3.45874023    
   2.35619450       77.309997558593750        1.71566992E-08   3.40802026    
   2.35619450       78.152497609456375        1.57716009E-08   3.42188168    
   2.35619450       78.994997660319015        1.48040016E-08   3.55237317    
   2.35619450       79.837497711181641        1.34427358E-08   3.80153990    
   2.35619450       80.679997762044266        1.37846001E-08   3.84523487    
   2.35619450       81.522497812906906        1.34498883E-08   3.82282019    
   2.35619450       82.364997863769531        1.34498883E-08   3.82282019    

   2.55254412       67.199996948242188        2.66491469E-08   2.96896625    
   2.55254412       68.042496999104813        2.50463064E-08   2.75744534    
   2.55254412       68.884997049967453        2.51211940E-08   3.07895899    
   2.55254412       69.727497100830078        2.46381191E-08   2.89374876    
   2.55254412       70.569997151692704        2.34024267E-08   3.29082465    
   2.55254412       71.412497202555343        2.30514239E-08   3.19074726    
   2.55254412       72.254997253417969        2.27437660E-08   2.89761090    
   2.55254412       73.097497304280594        2.08608739E-08   2.91614747    
   2.55254412       73.939997355143234        1.98418704E-08   3.10072684    
   2.55254412       74.782497406005859        1.84054905E-08   3.12732863    
   2.55254412       75.624997456868485        1.92250926E-08   3.28716516    
   2.55254412       76.467497507731125        1.75531252E-08   3.45874023    
   2.55254412       77.309997558593750        1.71566992E-08   3.40802026    
   2.55254412       78.152497609456375        1.57716009E-08   3.42188168    
   2.55254412       78.994997660319015        1.48040016E-08   3.55237317    
   2.55254412       79.837497711181641        1.34427358E-08   3.80153990    
   2.55254412       80.679997762044266        1.37846001E-08   3.84523487    
   2.55254412       81.522497812906906        1.34498883E-08   3.82282019    
   2.55254412       82.364997863769531        1.34498883E-08   3.82282019    

   2.74889374       67.199996948242188        2.81297456E-08   3.37926292    
   2.74889374       68.042496999104813        2.89093425E-08   2.84518003    
   2.74889374       68.884997049967453        2.80910495E-08   2.82242560    
   2.74889374       69.727497100830078        2.66004410E-08   2.90516210    
   2.74889374       70.569997151692704        2.60043205E-08   3.06959748    
   2.74889374       71.412497202555343        2.47282408E-08   2.96772885    
   2.74889374       72.254997253417969        2.37683402E-08   2.94942427    
   2.74889374       73.097497304280594        2.21182539E-08   2.93770790    
   2.74889374       73.939997355143234        2.18695604E-08   2.90914512    
   2.74889374       74.782497406005859        2.14285727E-08   3.18013954    
   2.74889374       75.624997456868485        1.93934149E-08   2.95982122    
   2.74889374       76.467497507731125        1.91685032E-08   3.39669132    
   2.74889374       77.309997558593750        1.76431669E-08   3.31793904    
   2.74889374       78.152497609456375        1.78001454E-08   3.31136274    
   2.74889374       78.994997660319015        1.58434919E-08   3.43422341    
   2.74889374       79.837497711181641        1.46683306E-08   3.41668725    
   2.74889374       80.679997762044266        1.37103342E-08   3.45580864    
   2.74889374       81.522497812906906        1.32772140E-08   3.24812579    
   2.74889374       82.364997863769531        1.32772140E-08   3.24812579    

   2.94524312       67.199996948242188        2.81297456E-08   3.37926292    
   2.94524312       68.042496999104813        2.89093425E-08   2.84518003    
   2.94524312       68.884997049967453        2.80910495E-08   2.82242560    
   2.94524312       69.727497100830078        2.66004410E-08   2.90516210    
   2.94524312       70.569997151692704        2.60043205E-08   3.06959748    
   2.94524312       71.412497202555343        2.47282408E-08   2.96772885    
   2.94524312       72.254997253417969        2.37683402E-08   2.94942427    
   2.94524312       73.097497304280594        2.21182539E-08   2.93770790    
   2.94524312       73.939997355143234        2.18695604E-08   2.90914512    
   2.94524312       74.782497406005859        2.14285727E-08   3.18013954    
   2.94524312       75.624997456868485        1.93934149E-08   2.95982122    
   2.94524312       76.467497507731125        1.91685032E-08   3.39669132    
   2.94524312       77.309997558593750        1.76431669E-08   3.31793904    
   2.94524312       78.152497609456375        1.78001454E-08   3.31136274    
   2.94524312       78.994997660319015        1.58434919E-08   3.43422341    
   2.94524312       79.837497711181641        1.46683306E-08   3.41668725    
   2.94524312       80.679997762044266        1.37103342E-08   3.45580864    
   2.94524312       81.522497812906906        1.32772140E-08   3.24812579    
   2.94524312       82.364997863769531        1.32772140E-08   3.24812579    

   3.1415927410125732        67.199996948242188        2.81297456E-08   3.37926292    
   3.1415927410125732        68.042496999104813        2.89093425E-08   2.84518003    
   3.1415927410125732        68.884997049967453        2.80910495E-08   2.82242560    
   3.1415927410125732        69.727497100830078        2.66004410E-08   2.90516210    
   3.1415927410125732        70.569997151692704        2.60043205E-08   3.06959748    
   3.1415927410125732        71.412497202555343        2.47282408E-08   2.96772885    
   3.1415927410125732        72.254997253417969        2.37683402E-08   2.94942427    
   3.1415927410125732        73.097497304280594        2.21182539E-08   2.93770790    
   3.1415927410125732        73.939997355143234        2.18695604E-08   2.90914512    
   3.1415927410125732        74.782497406005859        2.14285727E-08   3.18013954    
   3.1415927410125732        75.624997456868485        1.93934149E-08   2.95982122    
   3.1415927410125732        76.467497507731125        1.91685032E-08   3.39669132    
   3.1415927410125732        77.309997558593750        1.76431669E-08   3.31793904    
   3.1415927410125732        78.152497609456375        1.78001454E-08   3.31136274    
   3.1415927410125732        78.994997660319015        1.58434919E-08   3.43422341    
   3.1415927410125732        79.837497711181641        1.46683306E-08   3.41668725    
   3.1415927410125732        80.679997762044266        1.37103342E-08   3.45580864    
   3.1415927410125732        81.522497812906906        1.32772140E-08   3.24812579    
   3.1415927410125732        82.364997863769531        1.32772140E-08   3.24812579    
