0  0  0  2.7e+20  0.0039839
0  0  1  4e+20  0.0052346
0  0  2  5.3e+20  0.0066784
0  0  3  6.8e+20  0.0079471
0  0  4  8.5e+20  0.0087378
0  0  5  1e+21  0.010078
0  0  6  1.3e+21  0.010896
0  0  7  1.5e+21  0.011942
0  0  8  1.9e+21  0.013295
0  1  0  2.8e+20  0.0042479
0  1  1  4.1e+20  0.0053834
0  1  2  5.4e+20  0.0064554
0  1  3  6.9e+20  0.0078091
0  1  4  8.4e+20  0.0088091
0  1  5  1e+21  0.010061
0  1  6  1.3e+21  0.011338
0  1  7  1.5e+21  0.012771
0  1  8  1.8e+21  0.013936
0  2  0  2.6e+20  0.0039344
0  2  1  3.8e+20  0.0050329
0  2  2  5e+20  0.006656
0  2  3  6.3e+20  0.0073079
0  2  4  7.9e+20  0.0086217
0  2  5  9.6e+20  0.0099013
0  2  6  1.2e+21  0.011124
0  2  7  1.4e+21  0.012205
0  2  8  1.7e+21  0.013177
0  3  0  2.7e+20  0.0042332
0  3  1  4e+20  0.0052832
0  3  2  5.3e+20  0.0068928
0  3  3  6.7e+20  0.007934
0  3  4  8.3e+20  0.0089066
0  3  5  1e+21  0.010333
0  3  6  1.2e+21  0.011082
0  3  7  1.5e+21  0.012561
0  3  8  1.8e+21  0.013923
1  0  0  5e+20  0.0078342
1  0  1  7.4e+20  0.010151
1  0  2  9.8e+20  0.012021
1  0  3  1.3e+21  0.013344
1  0  4  1.5e+21  0.015653
1  0  5  1.9e+21  0.018076
1  0  6  2.3e+21  0.020017
1  0  7  2.8e+21  0.022166
1  0  8  3.3e+21  0.023062
1  1  0  5e+20  0.0083035
1  1  1  7.4e+20  0.0098356
1  1  2  9.7e+20  0.011727
1  1  3  1.2e+21  0.013569
1  1  4  1.5e+21  0.016335
1  1  5  1.9e+21  0.017761
1  1  6  2.2e+21  0.02019
1  1  7  2.7e+21  0.021779
1  1  8  3.2e+21  0.022267
1  2  0  4.4e+20  0.007858
1  2  1  6.4e+20  0.0097305
1  2  2  8.5e+20  0.011221
1  2  3  1.1e+21  0.012861
1  2  4  1.3e+21  0.013835
1  2  5  1.6e+21  0.016509
1  2  6  1.9e+21  0.018195
1  2  7  2.3e+21  0.019405
1  2  8  2.8e+21  0.020307
1  3  0  4.9e+20  0.0071509
1  3  1  7.2e+20  0.009249
1  3  2  9.8e+20  0.011935
1  3  3  1.2e+21  0.014357
1  3  4  1.5e+21  0.015637
1  3  5  1.9e+21  0.017828
1  3  6  2.2e+21  0.019267
1  3  7  2.7e+21  0.021666
1  3  8  3.2e+21  0.022812
2  0  0  6.3e+20  0.009906
2  0  1  9.4e+20  0.012878
2  0  2  1.2e+21  0.015556
2  0  3  1.6e+21  0.018677
2  0  4  2e+21  0.020531
2  0  5  2.4e+21  0.022587
2  0  6  2.8e+21  0.025725
2  0  7  3.4e+21  0.027969
2  0  8  4e+21  0.030156
2  1  0  6.6e+20  0.0108
2  1  1  9.8e+20  0.013215
2  1  2  1.3e+21  0.015806
2  1  3  1.6e+21  0.019539
2  1  4  2e+21  0.022341
2  1  5  2.5e+21  0.023553
2  1  6  3e+21  0.026644
2  1  7  3.6e+21  0.02862
2  1  8  4.2e+21  0.032423
2  2  0  6.7e+20  0.013019
2  2  1  9.8e+20  0.014827
2  2  2  1.3e+21  0.016966
2  2  3  1.6e+21  0.019033
2  2  4  2e+21  0.021219
2  2  5  2.4e+21  0.024848
2  2  6  2.9e+21  0.026114
2  2  7  3.5e+21  0.029677
2  2  8  4.2e+21  0.032087
2  3  0  6.7e+20  0.011332
2  3  1  9.9e+20  0.013547
2  3  2  1.3e+21  0.016293
2  3  3  1.7e+21  0.019425
2  3  4  2e+21  0.022645
2  3  5  2.5e+21  0.025015
2  3  6  3e+21  0.026941
2  3  7  3.6e+21  0.029077
2  3  8  4.3e+21  0.031504
3  0  0  5.6e+20  0.009647
3  0  1  8.2e+20  0.011685
3  0  2  1.1e+21  0.014956
3  0  3  1.4e+21  0.016235
3  0  4  1.7e+21  0.0199
3  0  5  2e+21  0.021879
3  0  6  2.5e+21  0.023387
3  0  7  3e+21  0.025336
3  0  8  3.5e+21  0.025921
3  1  0  6.5e+20  0.010918
3  1  1  9.4e+20  0.014488
3  1  2  1.2e+21  0.017292
3  1  3  1.5e+21  0.019154
3  1  4  1.9e+21  0.021663
3  1  5  2.3e+21  0.02413
3  1  6  2.8e+21  0.026612
3  1  7  3.3e+21  0.027808
3  1  8  3.9e+21  0.030146
3  2  0  7.4e+20  0.013048
3  2  1  1.1e+21  0.016393
3  2  2  1.4e+21  0.01887
3  2  3  1.8e+21  0.022813
3  2  4  2.2e+21  0.024618
3  2  5  2.6e+21  0.028264
3  2  6  3.2e+21  0.02946
3  2  7  3.8e+21  0.032857
3  2  8  4.5e+21  0.035303
3  3  0  6.5e+20  0.011586
3  3  1  9.5e+20  0.014782
3  3  2  1.2e+21  0.018667
3  3  3  1.6e+21  0.020779
3  3  4  1.9e+21  0.022632
3  3  5  2.3e+21  0.023467
3  3  6  2.8e+21  0.02553
3  3  7  3.4e+21  0.028957
3  3  8  4e+21  0.030982
4  0  0  4.3e+20  0.0081708
4  0  1  6.2e+20  0.0093208
4  0  2  8e+20  0.010351
4  0  3  1e+21  0.011625
4  0  4  1.3e+21  0.013956
4  0  5  1.5e+21  0.014655
4  0  6  1.8e+21  0.016447
4  0  7  2.2e+21  0.017737
4  0  8  2.7e+21  0.019267
4  1  0  4.7e+20  0.0092167
4  1  1  6.8e+20  0.010401
4  1  2  8.9e+20  0.012
4  1  3  1.1e+21  0.013363
4  1  4  1.4e+21  0.015914
4  1  5  1.7e+21  0.017457
4  1  6  2e+21  0.018349
4  1  7  2.4e+21  0.020093
4  1  8  2.9e+21  0.020839
4  2  0  6.3e+20  0.012266
4  2  1  9e+20  0.015218
4  2  2  1.2e+21  0.017407
4  2  3  1.5e+21  0.018611
4  2  4  1.8e+21  0.021234
4  2  5  2.2e+21  0.023326
4  2  6  2.6e+21  0.02317
4  2  7  3.2e+21  0.027249
4  2  8  3.8e+21  0.0281
4  3  0  4.9e+20  0.0092928
4  3  1  7.1e+20  0.010844
4  3  2  9.4e+20  0.012343
4  3  3  1.2e+21  0.01396
4  3  4  1.4e+21  0.015126
4  3  5  1.7e+21  0.017406
4  3  6  2.1e+21  0.019553
4  3  7  2.5e+21  0.022371
4  3  8  3e+21  0.023277
